       [  5.39320182e-04,   1.11233121e-01,   4.65541221e-02,   1.65488784e-04,   5.31812661e-01],
       [  8.15208865e-08,   3.04159958e-01,   9.70605601e-03,   2.01229864e-08,   6.47706685e-01],
       [  6.12044545e-07,   1.06694939e-01,   3.45753167e-02,   1.56084129e-08,   5.54282221e-01],
       [  8.70046366e-07,   3.75550646e-01,   2.73033375e-05,   3.23007908e-06,   4.35065925e-01],
       [  1.02972138e-03,   5.45984088e-04,   8.38954332e-01,   2.29235217e-09,   2.03625502e-01],
       [  1.03286760e-02,   1.03058585e-04,   6.04448115e-07,   3.41952829e-07,   1.52309416e-02],
       [  2.98152030e-02,   8.09369512e-07,   1.68696738e-18,   9.98746443e-01,   1.28271084e-02],
       [  2.76911147e-02,   7.84085430e-07,   1.91604900e-18,   9.98518554e-01,   1.30316749e-02],
       [  6.65845378e-04,   4.22230378e-02,   4.09127143e-15,   9.74700218e-01,   4.15162982e-02],
       [  6.31744831e-05,   6.25454904e-02,   6.23479404e-15,   9.10157751e-01,   7.10832604e-02],
       [  1.67261943e-05,   2.69704024e-03,   9.30846810e-01,   2.09130823e-10,   3.95531610e-01],
       [  4.56450305e-05,   1.81688287e-03,   9.24612005e-01,   3.49550803e-10,   3.45133575e-01],
       [  6.94567972e-04,   8.83500710e-04,   8.43442994e-01,   3.03861663e-09,   2.32987565e-01],
       [  3.71971165e-05,   1.00599301e-01,   8.88758324e-01,   3.09783822e-07,   6.50956240e-01],
       [  3.45954555e-04,   4.12034780e-04,   8.75773677e-01,   3.64887444e-10,   2.08557320e-01],
       [  2.13060275e-06,   3.19336069e-01,   9.45351440e-03,   1.01407048e-06,   5.96078839e-01],
       [  3.38873897e-08,   8.15802525e-01,   2.70098573e-09,   3.89391330e-05,   3.51180553e-01],
       [  3.56025065e-05,   3.87343130e-03,   4.27077815e-01,   2.18007013e-09,   3.18094746e-01],
       [  1.03133571e-08,   9.71511619e-01,   1.35121316e-15,   3.09519611e-02,   1.43813552e-01],
       [  8.88776673e-09,   9.48840585e-01,   1.47474185e-13,   2.10016045e-03,   2.05222390e-01],
       [  9.99998627e-01,   1.89824413e-09,   9.60416440e-03,   3.77493257e-06,   9.22385016e-04],
       [  9.94288657e-01,   1.60963232e-08,   7.51365074e-02,   2.73920916e-10,   2.23941039e-03],
       [  8.82345170e-01,   2.13166390e-06,   6.71131786e-10,   1.06254549e-05,   1.16782109e-03],
       [  9.93238005e-01,   1.73772885e-08,   1.35621117e-01,   2.11391714e-10,   2.54618943e-03],
       [  9.76714320e-01,   3.36670921e-10,   1.52202524e-05,   3.12677942e-02,   8.35024898e-02]
